header: 
  seq: 0
  stamp: 
    secs: 289
    nsecs: 527000000
  frame_id: "lidar_link"
angle_min: -6.28318977355957
angle_max: 6.28318977355957
angle_increment: 0.017477579414844513
time_increment: 0.0
scan_time: 0.0
range_min: 0.10000000149011612
range_max: 30.0
ranges: [2.9410791397094727, 2.944667100906372, 2.948274850845337, 2.9469921588897705, 2.9705810546875, 2.9608817100524902, 2.9417619705200195, 2.954092264175415, 2.9638967514038086, 2.968444347381592, 2.957716464996338, 2.9818804264068604, 2.9883453845977783, 2.9974563121795654, 3.0141334533691406, 3.025275707244873, 3.0457849502563477, 3.0511157512664795, 3.0707952976226807, 3.0791923999786377, 3.1044933795928955, 3.1258533000946045, 3.136512517929077, 3.163072347640991, 3.1783158779144287, 3.219683885574341, 3.1812050342559814, 3.047833204269409, 2.9548580646514893, 2.856100082397461, 2.7637391090393066, 2.6997334957122803, 2.6061055660247803, 2.5008063316345215, 2.4500033855438232, 2.396376371383667, 2.3289201259613037, 2.264584541320801, 2.2088782787323, 2.150022268295288, 2.090360641479492, 2.070840358734131, 2.0073156356811523, 1.980234146118164, 1.9360837936401367, 1.9065855741500854, 1.8865818977355957, 1.862703800201416, 1.8161486387252808, 1.791462779045105, 1.7553917169570923, 1.7197471857070923, 1.7165066003799438, 1.6922649145126343, 1.673313021659851, 1.6363204717636108, 1.6023372411727905, 1.5905171632766724, 1.5925575494766235, 1.5386987924575806, 1.5522618293762207, 1.5318284034729004, 1.4978432655334473, 1.5139926671981812, 1.4840011596679688, 1.4743746519088745, 1.4675310850143433, 1.4645119905471802, 1.444665551185608, 1.4108654260635376, 1.4305886030197144, 1.4094254970550537, 1.39228093624115, 1.3932828903198242, 1.3940889835357666, 1.3396064043045044, 1.3744398355484009, 1.3721898794174194, 1.3431938886642456, 1.3366949558258057, 1.330828070640564, 1.3296085596084595, 1.332051396369934, 1.3266959190368652, 1.3210995197296143, 1.3421143293380737, 1.3098652362823486, 1.3167871236801147, 1.3256711959838867, 1.3235852718353271, 1.3132305145263672, 0.19433501362800598, 0.19119994342327118, 0.1805780977010727, 0.18514898419380188, 0.19146448373794556, 0.19370518624782562, 0.18945057690143585, 0.21000993251800537, 0.18230131268501282, 0.1771116703748703, 0.19757412374019623, 0.19970814883708954, 0.20901530981063843, 0.20270080864429474, 0.20465733110904694, 0.1962679773569107, 0.21379607915878296, 0.20461054146289825, 0.20178884267807007, 0.2039424329996109, 0.22370901703834534, 0.20830897986888885, 0.20214201509952545, 0.2144232541322708, 0.21481339633464813, 0.23151899874210358, 0.22005705535411835, 0.21070000529289246, 0.22408202290534973, 0.2196909338235855, 0.22264398634433746, 0.24207215011119843, 0.20800727605819702, 0.25088509917259216, 0.237199068069458, 0.24628181755542755, 0.23627376556396484, 0.26845142245292664, 0.23915277421474457, 0.2523883879184723, 0.26659396290779114, 0.2713989317417145, 0.2777497470378876, 0.2729252874851227, 0.26617422699928284, 0.28764256834983826, 0.2750329077243805, 0.29838448762893677, 0.29565101861953735, 0.31561559438705444, 0.31976571679115295, 0.30834341049194336, 0.32216203212738037, 0.32607629895210266, 0.344859778881073, 0.3453875482082367, 0.3577403426170349, 0.3650965988636017, 0.3931880593299866, 2.525444507598877, 2.603158712387085, 2.6762983798980713, 2.767326831817627, 2.8522329330444336, 0.6593601107597351, 0.6445342898368835, 0.6611050963401794, 0.6565441489219666, 0.6436576247215271, 0.6469095945358276, 0.6327720880508423, 0.6401973366737366, 0.6863967180252075, 0.7139788269996643, 0.7543506026268005, 0.8263845443725586, 0.8877890110015869, 0.963591456413269, 3.940077781677246, 3.9274508953094482, 3.910329580307007, 3.8971638679504395, 3.8951635360717773, 3.8922600746154785, 3.8909647464752197, 3.8742830753326416, 3.854461669921875, 3.8501877784729004, 3.8506975173950195, 3.850630521774292, 3.854492425918579, 3.861711025238037, 3.8547966480255127, 3.878797769546509, 3.8640365600585938, 3.8556370735168457, 3.878575325012207, 3.8782453536987305, 3.908754825592041, 3.8948848247528076, 3.9101061820983887, 0.9174056053161621, 0.8646286725997925, 0.7809398174285889, 0.7428256273269653, 0.7045950293540955, 0.649287760257721, 0.6253628134727478, 0.634654700756073, 0.6365615725517273, 0.6491321325302124, 0.646005392074585, 0.6506641507148743, 0.6482145190238953, 0.6468205451965332, 2.833876132965088, 2.7166104316711426, 2.643763542175293, 2.5503671169281006, 0.3904462456703186, 0.36642351746559143, 0.36244550347328186, 0.3537358045578003, 0.3441801369190216, 0.3371608555316925, 0.32617732882499695, 0.3330481946468353, 0.30363550782203674, 0.2919324040412903, 0.29775768518447876, 0.29393985867500305, 0.28865182399749756, 0.29483816027641296, 0.28624430298805237, 0.2736234664916992, 0.2704189717769623, 0.2621540129184723, 0.2544900178909302, 0.2662535607814789, 0.244892418384552, 0.24163323640823364, 0.2522566616535187, 0.23499733209609985, 0.24408388137817383, 0.22857746481895447, 0.22079364955425262, 0.2114117443561554, 0.22147321701049805, 0.21568970382213593, 0.2222847044467926, 0.21966451406478882, 0.2343226969242096, 0.21292661130428314, 0.22572259604930878, 0.20812548696994781, 0.21349777281284332, 0.20219705998897552, 0.1911555826663971, 0.19017009437084198, 0.1946791708469391, 0.20459331572055817, 0.20821021497249603, 0.1950988471508026, 0.20348122715950012, 0.19952981173992157, 0.21300792694091797, 0.19132477045059204, 0.19193334877490997, 0.19307835400104523, 0.22039540112018585, 0.17714239656925201, 0.21248778700828552, 0.20450952649116516, 0.18082982301712036, 0.19304490089416504, 0.19601573050022125, 0.20805451273918152, 0.2111997753381729, 0.20095479488372803, 1.191205620765686, 1.1893198490142822, 1.177956461906433, 1.1843231916427612, 1.182908535003662, 1.185378909111023, 1.166072130203247, 1.1857227087020874, 1.2131292819976807, 1.191495656967163, 1.1961371898651123, 1.2106423377990723, 1.2189970016479492, 1.2128490209579468, 1.223702073097229, 1.2325021028518677, 1.2132641077041626, 1.233266830444336, 1.2472598552703857, 1.255466103553772, 1.2508914470672607, 1.2634960412979126, 1.2556121349334717, 1.2795871496200562, 1.2830144166946411, 1.2920321226119995, 1.3111425638198853, 1.314837098121643, 1.3327198028564453, 1.32976233959198, 1.3529365062713623, 1.357222318649292, 1.3625919818878174, 1.393284559249878, 1.3866872787475586, 1.4254237413406372, 1.4334666728973389, 1.46114182472229, 1.4901143312454224, 1.4978092908859253, 1.523292899131775, 1.5513283014297485, 1.5731136798858643, 1.595984935760498, 1.612703800201416, 1.6365395784378052, 1.6676888465881348, 1.6984703540802002, 1.72403085231781, 1.7533565759658813, 1.807839274406433, 1.835810661315918, 1.8827348947525024, 1.9272851943969727, 1.9490572214126587, 1.99799382686615, 2.0554754734039307, 2.105987787246704, 2.1496973037719727, 2.215442180633545, 2.284332513809204, 2.36391282081604, 2.4423635005950928, 2.5112392902374268, 2.6007730960845947, 2.69355845451355, 2.7803561687469482, 2.911104679107666, 3.0035719871520996, 3.140491485595703, 3.1544041633605957, 3.128997802734375, 3.1026499271392822, 3.1040468215942383, 3.0884761810302734, 3.0724658966064453, 3.0687475204467773, 3.0464577674865723, 3.0356621742248535, 3.00882887840271, 2.9955124855041504, 2.986349105834961, 2.9726450443267822, 2.9666128158569336, 2.971977710723877, 2.9653053283691406, 2.949253797531128, 2.9548656940460205, 2.9494051933288574, 2.948700189590454, 2.9356958866119385, 2.953359842300415, 2.9656078815460205, 2.9423820972442627, 2.941822052001953, 2.946027994155884, 2.9628539085388184, 2.9706907272338867, 2.9620168209075928, 2.9699044227600098, 2.967808246612549, 3.0047898292541504, 2.997443675994873, 3.0165810585021973, 3.0259125232696533, 3.033290386199951, 3.0586133003234863, 3.0585827827453613, 3.088733196258545, 3.1003787517547607, 3.1159725189208984, 3.1149489879608154, 3.149785041809082, 3.1928887367248535, 3.2146477699279785, 3.2295589447021484, 3.1139869689941406, 2.9893698692321777, 2.90681529045105, 2.8291659355163574, 2.718388319015503, 2.63970947265625, 2.5532619953155518, 2.503037214279175, 2.4255874156951904, 2.353506565093994, 2.2799172401428223, 2.240091323852539, 2.1902196407318115, 2.1170356273651123, 2.1138365268707275, 2.042090654373169, 2.0172159671783447, 1.9672962427139282, 1.9289933443069458, 1.8899116516113281, 1.8626694679260254, 1.8113559484481812, 1.7910774946212769, 1.7756754159927368, 1.7462847232818604, 1.7129937410354614, 1.6991910934448242, 1.6691943407058716, 1.6463192701339722, 1.6396653652191162, 1.6172038316726685, 1.5762661695480347, 1.5562865734100342, 1.5482901334762573, 1.5302883386611938, 1.5224746465682983, 1.4843405485153198, 1.483344554901123, 1.4841340780258179, 1.4627302885055542, 1.4710352420806885, 1.4465118646621704, 1.43181312084198, 1.418902039527893, 1.4102628231048584, 1.3976646661758423, 1.4109355211257935, 1.3781609535217285, 1.369133710861206, 1.3699918985366821, 1.3661549091339111, 1.3524816036224365, 1.3202167749404907, 1.3520179986953735, 1.3312722444534302, 1.3424550294876099, 1.3389021158218384, 1.332205891609192, 1.3139593601226807, 1.3153554201126099, 1.3146036863327026, 1.333815336227417, 1.309756875038147, 1.3146971464157104, 0.1712898463010788, 0.19646519422531128, 0.20809952914714813, 0.18404775857925415, 0.20061035454273224, 0.187381774187088, 0.20351053774356842, 0.18980641663074493, 0.19158785045146942, 0.210922509431839, 0.20020365715026855, 0.193735733628273, 0.19345545768737793, 0.2014514058828354, 0.20439079403877258, 0.19435766339302063, 0.19787415862083435, 0.21311934292316437, 0.20016998052597046, 0.20813295245170593, 0.20851485431194305, 0.212063729763031, 0.22237025201320648, 0.21850383281707764, 0.2108621448278427, 0.22848628461360931, 0.21642251312732697, 0.2343655675649643, 0.19832299649715424, 0.22070598602294922, 0.22922295331954956, 0.22410637140274048, 0.24608558416366577, 0.23955529928207397, 0.2413318008184433, 0.24307633936405182, 0.25095534324645996, 0.25217533111572266, 0.26093435287475586, 0.24571143090724945, 0.23466257750988007, 0.2663072943687439, 0.26261937618255615, 0.2797433137893677, 0.2693520188331604, 0.2675434947013855, 0.27519121766090393, 0.29126763343811035, 0.29867032170295715, 0.3073575794696808, 0.2904245853424072, 0.32125774025917053, 0.31174808740615845, 0.31405067443847656, 0.34467193484306335, 0.34549108147621155, 0.34885460138320923, 0.3532738983631134, 0.3804190158843994, 0.38855451345443726, 2.564028263092041, 2.6382744312286377, 2.7205910682678223, 2.8087246417999268, 0.6781099438667297, 0.6619897484779358, 0.6503519415855408, 0.6335500478744507, 0.6741613149642944, 0.6442001461982727, 0.6323190927505493, 0.6238607168197632, 0.6608624458312988, 0.6825001239776611, 0.7384817004203796, 0.8097942471504211, 0.842548131942749, 0.9089668393135071, 3.9433016777038574, 3.940638303756714, 3.9056732654571533, 3.906951665878296, 3.903116464614868, 3.884711742401123, 3.8868486881256104, 3.879431962966919, 3.8569653034210205, 3.8458046913146973, 3.8613622188568115, 3.853245496749878, 3.866222620010376, 3.843324661254883, 3.863420009613037, 3.8600268363952637, 3.856461763381958, 3.8715968132019043, 3.860837936401367, 3.8718087673187256, 3.8942410945892334, 3.90482497215271, 3.895881414413452, 0.9463882446289062, 0.875469982624054, 0.8299946188926697, 0.7788880467414856, 0.713935136795044, 0.6689341068267822, 0.621233344078064, 0.6358749270439148, 0.6345954537391663, 0.6378315687179565, 0.6654489636421204, 0.6517038941383362, 0.6581437587738037, 0.670477032661438, 2.8843002319335938, 2.778047800064087, 2.6716811656951904, 2.6107537746429443, 2.515183448791504, 0.3819233775138855, 0.36893367767333984, 0.36097636818885803, 0.34400543570518494, 0.33829477429389954, 0.34149396419525146, 0.32090505957603455, 0.33382025361061096, 0.31155136227607727, 0.30723145604133606, 0.2971789538860321, 0.30208882689476013, 0.28823432326316833, 0.26915889978408813, 0.2509419322013855, 0.27529487013816833, 0.2717524468898773, 0.2604755461215973, 0.25724056363105774, 0.2510044574737549, 0.252022385597229, 0.2630893290042877, 0.2349945306777954, 0.24124450981616974, 0.22939437627792358, 0.22896887362003326, 0.22745321691036224, 0.2242683470249176, 0.2297041118144989, 0.21634884178638458, 0.23072057962417603, 0.22652041912078857, 0.21993900835514069, 0.20706796646118164, 0.21173469722270966, 0.22522296011447906, 0.20099236071109772, 0.20966486632823944, 0.20326663553714752, 0.2075413316488266, 0.1942189633846283, 0.19569243490695953, 0.20651309192180634, 0.20452480018138885, 0.20250102877616882, 0.20478089153766632, 0.2096414417028427, 0.1897849589586258, 0.21331290900707245, 0.2028113454580307, 0.20042511820793152, 0.1955820918083191, 0.19883617758750916, 0.18769571185112, 0.1792811006307602, 0.19288699328899384, 0.19659675657749176, 0.20696233212947845, 0.20432275533676147, 1.1800084114074707, 1.1849340200424194, 1.1986792087554932, 1.173979640007019, 1.1780067682266235, 1.1814254522323608, 1.1785858869552612, 1.207486629486084, 1.1848607063293457, 1.189023733139038, 1.1870101690292358, 1.1801649332046509, 1.1981185674667358, 1.2046229839324951, 1.2017223834991455, 1.2208752632141113, 1.2276527881622314, 1.2238976955413818, 1.2250568866729736, 1.235200047492981, 1.2302398681640625, 1.2473944425582886, 1.2666970491409302, 1.2839585542678833, 1.282149314880371, 1.2824875116348267, 1.294726014137268, 1.3131974935531616, 1.331521987915039, 1.3313469886779785, 1.3272809982299805, 1.3761390447616577, 1.3676731586456299, 1.3828706741333008, 1.3987960815429688, 1.4113800525665283, 1.446169137954712, 1.4543558359146118, 1.4776211977005005, 1.4932835102081299, 1.5163758993148804, 1.5367275476455688, 1.5590306520462036, 1.5867840051651, 1.5994852781295776, 1.615745186805725, 1.65247642993927, 1.6929584741592407, 1.722510576248169, 1.732545256614685, 1.777375340461731, 1.836303472518921, 1.8444855213165283, 1.8871681690216064, 1.9479820728302002, 1.993691086769104, 2.019596815109253, 2.094484567642212, 2.1276025772094727, 2.1856932640075684, 2.2470967769622803, 2.3143467903137207, 2.396228790283203, 2.473496675491333, 2.5719776153564453, 2.6463100910186768, 2.7321596145629883, 2.8402373790740967, 2.9376492500305176, 3.075985908508301, 3.1668457984924316, 3.152284860610962, 3.127112627029419, 3.09379506111145, 3.095261335372925, 3.0861878395080566, 3.0563430786132812, 3.038442850112915, 3.0271902084350586, 3.0084242820739746, 3.003206729888916, 3.004380941390991, 2.992877721786499, 2.9917593002319336, 2.9785075187683105, 2.9674854278564453, 2.94528865814209, 2.9587604999542236, 2.957639455795288, 2.948364019393921, 2.9346656799316406]
intensities: [0.0, 0.0, 0.0, 0.0, 0.0, 0.0, 0.0, 0.0, 0.0, 0.0, 0.0, 0.0, 0.0, 0.0, 0.0, 0.0, 0.0, 0.0, 0.0, 0.0, 0.0, 0.0, 0.0, 0.0, 0.0, 0.0, 0.0, 0.0, 0.0, 0.0, 0.0, 0.0, 0.0, 0.0, 0.0, 0.0, 0.0, 0.0, 0.0, 0.0, 0.0, 0.0, 0.0, 0.0, 0.0, 0.0, 0.0, 0.0, 0.0, 0.0, 0.0, 0.0, 0.0, 0.0, 0.0, 0.0, 0.0, 0.0, 0.0, 0.0, 0.0, 0.0, 0.0, 0.0, 0.0, 0.0, 0.0, 0.0, 0.0, 0.0, 0.0, 0.0, 0.0, 0.0, 0.0, 0.0, 0.0, 0.0, 0.0, 0.0, 0.0, 0.0, 0.0, 0.0, 0.0, 0.0, 0.0, 0.0, 0.0, 0.0, 0.0, 0.0, 0.0, 0.0, 0.0, 0.0, 0.0, 0.0, 0.0, 0.0, 0.0, 0.0, 0.0, 0.0, 0.0, 0.0, 0.0, 0.0, 0.0, 0.0, 0.0, 0.0, 0.0, 0.0, 0.0, 0.0, 0.0, 0.0, 0.0, 0.0, 0.0, 0.0, 0.0, 0.0, 0.0, 0.0, 0.0, 0.0, 0.0, 0.0, 0.0, 0.0, 0.0, 0.0, 0.0, 0.0, 0.0, 0.0, 0.0, 0.0, 0.0, 0.0, 0.0, 0.0, 0.0, 0.0, 0.0, 0.0, 0.0, 0.0, 0.0, 0.0, 0.0, 0.0, 0.0, 0.0, 0.0, 0.0, 0.0, 0.0, 0.0, 0.0, 0.0, 0.0, 0.0, 0.0, 0.0, 0.0, 0.0, 0.0, 0.0, 0.0, 0.0, 0.0, 0.0, 0.0, 0.0, 0.0, 0.0, 0.0, 0.0, 0.0, 0.0, 0.0, 0.0, 0.0, 0.0, 0.0, 0.0, 0.0, 0.0, 0.0, 0.0, 0.0, 0.0, 0.0, 0.0, 0.0, 0.0, 0.0, 0.0, 0.0, 0.0, 0.0, 0.0, 0.0, 0.0, 0.0, 0.0, 0.0, 0.0, 0.0, 0.0, 0.0, 0.0, 0.0, 0.0, 0.0, 0.0, 0.0, 0.0, 0.0, 0.0, 0.0, 0.0, 0.0, 0.0, 0.0, 0.0, 0.0, 0.0, 0.0, 0.0, 0.0, 0.0, 0.0, 0.0, 0.0, 0.0, 0.0, 0.0, 0.0, 0.0, 0.0, 0.0, 0.0, 0.0, 0.0, 0.0, 0.0, 0.0, 0.0, 0.0, 0.0, 0.0, 0.0, 0.0, 0.0, 0.0, 0.0, 0.0, 0.0, 0.0, 0.0, 0.0, 0.0, 0.0, 0.0, 0.0, 0.0, 0.0, 0.0, 0.0, 0.0, 0.0, 0.0, 0.0, 0.0, 0.0, 0.0, 0.0, 0.0, 0.0, 0.0, 0.0, 0.0, 0.0, 0.0, 0.0, 0.0, 0.0, 0.0, 0.0, 0.0, 0.0, 0.0, 0.0, 0.0, 0.0, 0.0, 0.0, 0.0, 0.0, 0.0, 0.0, 0.0, 0.0, 0.0, 0.0, 0.0, 0.0, 0.0, 0.0, 0.0, 0.0, 0.0, 0.0, 0.0, 0.0, 0.0, 0.0, 0.0, 0.0, 0.0, 0.0, 0.0, 0.0, 0.0, 0.0, 0.0, 0.0, 0.0, 0.0, 0.0, 0.0, 0.0, 0.0, 0.0, 0.0, 0.0, 0.0, 0.0, 0.0, 0.0, 0.0, 0.0, 0.0, 0.0, 0.0, 0.0, 0.0, 0.0, 0.0, 0.0, 0.0, 0.0, 0.0, 0.0, 0.0, 0.0, 0.0, 0.0, 0.0, 0.0, 0.0, 0.0, 0.0, 0.0, 0.0, 0.0, 0.0, 0.0, 0.0, 0.0, 0.0, 0.0, 0.0, 0.0, 0.0, 0.0, 0.0, 0.0, 0.0, 0.0, 0.0, 0.0, 0.0, 0.0, 0.0, 0.0, 0.0, 0.0, 0.0, 0.0, 0.0, 0.0, 0.0, 0.0, 0.0, 0.0, 0.0, 0.0, 0.0, 0.0, 0.0, 0.0, 0.0, 0.0, 0.0, 0.0, 0.0, 0.0, 0.0, 0.0, 0.0, 0.0, 0.0, 0.0, 0.0, 0.0, 0.0, 0.0, 0.0, 0.0, 0.0, 0.0, 0.0, 0.0, 0.0, 0.0, 0.0, 0.0, 0.0, 0.0, 0.0, 0.0, 0.0, 0.0, 0.0, 0.0, 0.0, 0.0, 0.0, 0.0, 0.0, 0.0, 0.0, 0.0, 0.0, 0.0, 0.0, 0.0, 0.0, 0.0, 0.0, 0.0, 0.0, 0.0, 0.0, 0.0, 0.0, 0.0, 0.0, 0.0, 0.0, 0.0, 0.0, 0.0, 0.0, 0.0, 0.0, 0.0, 0.0, 0.0, 0.0, 0.0, 0.0, 0.0, 0.0, 0.0, 0.0, 0.0, 0.0, 0.0, 0.0, 0.0, 0.0, 0.0, 0.0, 0.0, 0.0, 0.0, 0.0, 0.0, 0.0, 0.0, 0.0, 0.0, 0.0, 0.0, 0.0, 0.0, 0.0, 0.0, 0.0, 0.0, 0.0, 0.0, 0.0, 0.0, 0.0, 0.0, 0.0, 0.0, 0.0, 0.0, 0.0, 0.0, 0.0, 0.0, 0.0, 0.0, 0.0, 0.0, 0.0, 0.0, 0.0, 0.0, 0.0, 0.0, 0.0, 0.0, 0.0, 0.0, 0.0, 0.0, 0.0, 0.0, 0.0, 0.0, 0.0, 0.0, 0.0, 0.0, 0.0, 0.0, 0.0, 0.0, 0.0, 0.0, 0.0, 0.0, 0.0, 0.0, 0.0, 0.0, 0.0, 0.0, 0.0, 0.0, 0.0, 0.0, 0.0, 0.0, 0.0, 0.0, 0.0, 0.0, 0.0, 0.0, 0.0, 0.0, 0.0, 0.0, 0.0, 0.0, 0.0, 0.0, 0.0, 0.0, 0.0, 0.0, 0.0, 0.0, 0.0, 0.0, 0.0, 0.0, 0.0, 0.0, 0.0, 0.0, 0.0, 0.0, 0.0, 0.0, 0.0, 0.0, 0.0, 0.0, 0.0, 0.0, 0.0, 0.0, 0.0, 0.0, 0.0, 0.0, 0.0, 0.0, 0.0, 0.0, 0.0, 0.0, 0.0, 0.0, 0.0, 0.0, 0.0, 0.0, 0.0, 0.0, 0.0, 0.0, 0.0, 0.0, 0.0, 0.0, 0.0, 0.0, 0.0, 0.0, 0.0, 0.0, 0.0, 0.0, 0.0, 0.0, 0.0, 0.0, 0.0, 0.0, 0.0, 0.0, 0.0, 0.0, 0.0, 0.0, 0.0, 0.0, 0.0, 0.0, 0.0, 0.0, 0.0, 0.0, 0.0, 0.0, 0.0, 0.0, 0.0, 0.0, 0.0, 0.0, 0.0, 0.0, 0.0, 0.0, 0.0, 0.0, 0.0, 0.0, 0.0, 0.0, 0.0, 0.0, 0.0, 0.0, 0.0, 0.0, 0.0, 0.0, 0.0, 0.0, 0.0, 0.0, 0.0, 0.0, 0.0, 0.0, 0.0, 0.0, 0.0, 0.0, 0.0, 0.0, 0.0, 0.0, 0.0, 0.0, 0.0, 0.0, 0.0, 0.0, 0.0, 0.0, 0.0, 0.0, 0.0, 0.0, 0.0, 0.0, 0.0, 0.0, 0.0, 0.0, 0.0, 0.0, 0.0, 0.0]
---
